630
1262462
150052
393305
150053
930944
994476
631
28152
29484
29486
263819
1649845
632
187410
214092
349746
360102
377628
547048
386656
637382
637386
649716
748678
1035377
229193
1345702
1345703
1345704
1345705
1345706
1345707
1345708
1455696
633
748672
273123
349747
502800
502801
774
360095
803
283165
1225179
807
33047
1094497
38323
283166
1318743
114277
781
226665
1032845
272944
369822
783
392021
452659
1105100
1105101
1105102
1105104
1105105
1337396
1338411
35794
941638
1105109
114292
782
272947
449216
1105094
1105095
1105096
1105098
1105099
1290427
1290428
948
212042
1173064
1184253
1392506
1392507
1248439
106178
779
254945
302409
944
269484
945
205920
1249650
1249651
1249652
1249653
1249654
1249655
1249656
1423892
140
314723
1329908
1867252
141
1435045
142
314724
143
1365188
144
412418
47466
1302858
1104446
1653839
1882662
2887345
2898580
2898581
2756107
2761123
1293576
139
224326
445985
521007
521008
29518
390236
411555
1398490
29519
1081646
521010
664662
290434
1674146
813
272561
315277
580047
580049
596777
634464
672161
707183
707184
707185
707186
707187
718219
759363
887712
907265
907267
907268
907269
907272
1007870
1071755
1071759
1071762
1071763
1071766
1071767
1071769
1071770
1071771
1071772
1071773
1071774
1071783
1340853
1431547
1447714
83554
331636
1050221
1112250
1112252
1112254
1112267
1218353
1218354
1218356
1218357
1218358
83555
218497
264202
227941
83558
115711
115713
138677
182082
406984
85991
331635
1234367
1234368
1234369
1415773
656088
2095
340047
40480
927701
1124992
272633
2097
243273
662945
662946
662947
663918
2104
272634
722438
1112856
1213463
1233262
1236904
1263756
1263757
1263758
1263760
1263761
1263762
1263763
1263835
1280940
1441379
2094
2115
637387
943945
2098
347256
1267000
2121
2124