185892
505071
505105
874440
1184782
505125
686159
2021317
690071
503758
1117782
696597
505231
565340
1380713
565364
539359
647462
696578
1421641
329689
429343
464870
948989
402042
1564225
587238
1326446
539394
1326567
697694
334591
1071024
464872
1326543
1500237
1326354
2751881
586441
36352
1243522
1546163
2718607
504987
10943
326214
1159887
460818
529831
513136
756996
1532699
697787
388907
504940
580501
1695183
1134606
669989
504985
1326262
1224348
1140358
1326279
1454897
1140344
1326689
627246
909643
31531
1004815
327105
576903
864260
905874
500049
1459675
122921
1224327
505108
933718
460769
1853785
539376
470424
505073
36412
410233
1736721
1628018
44755
1326463
1454899
684214
572392
1755353
53976
1140263
670015
232106
1161738
392522
36433
1496282
684218
864277
10926
1496283
487321
1326560
10252
471920
1335894
580508
697736
587231
713944
566627
265871
1755355
1529033
1755357
586440
1483691
586449
1004818
500026
1140342
1406940
905891
1004885
1243430
864214
1148771
1243289
568325
11706
150718
185924
647333
522652
905854
526796
1367803
505064
2487686
568313
696571
504998
1326596
1326623
1243489
638284
1140296
151532
697764
262817
1243185
1256879
109047
1326269
1683433
909391
368014
1894995
11927
1243570
500041
471902
566636
1326532
1302373
464883
510902
627257
690048
1431814
864235
568333
1307163
1326726
12130
911768
686192
566607
510858
1856078
1243402
696593
368010
504967
155429
1326485
90961
1855764
1326495
39767
10419
507716
1943647
1766194
510678
185925
1326577
1093260
1695189
1140281
675665
31606
1243546
1105023
489450
1299956
1070801
11587
1070813
388819
716099
12105
10253
39011
915378
657212
529837
1326155
1105020
684208
290579
624428
1140307
1224334
716123
575940
1001625
1855798
1539780
1326703
864278
573013
11076
509628
504942
1296200
531792
500115
1326246
1094387
684192
1326255
75325
980093
37760
864270
1217120
10913
458284
1292956
529835
468919
11033
185919
572413
467353
11165
464905
1454890
388812
1544536
716031
445791
1539799
1283803
864207
1326411
301478
757018
505081
1243425
1835808
502057
10959
716084
568314
1855769
510878
1683440
79694
1116809
1326638
392526
376148
911745
11272
512346
1243361
1326439
531777
804310
11170
42785
663259
697691
657191
531772
1784940
1243277
1004805
1856051
526797
587280
933714
1539827
1421673
1439368
1299964
392530
531773
1004887
1395180
408692
501492
1243348
503755
684170
1070530
10941
697756
1243505
510864
1461304
864200
1243407
1496284
151529
1243391
580522
500036
1326356
696606
1755324
1072989
756994
31704
1309674
147685
696586
1283808
875496
1243306
11081
580566
1243204
864268
105505
641356
696620
1564241
1326321
185928
884095
540995
564264
662628
909043
471914
984286
489454
167322
388815
861575
1326291
411152
42769
410240
1856080
713936
1853789
861466
167321
517049
489500
490027
713934
185897
504974
1529023
566635
2421440
31645
10949
1204231
421879
101357
568365
864275
1140270
232109
386455
1117793
10307
743956
504978
1219381
2757781
578831
1326650
587216
1454902
1006017
1140337
756071
1529026
1431815
1772260
471094
1243385
1855785
104625
1326676
933705
1256871
1437470
1484574
1407740
1129883
483507
2757778
1243445
310755
1815576
1299968
1070684
1243349
290541
500131
2691025
1326470
1856042
73495
1367807
1190954
1243488
1853790
368009
1695184
492519
464881
1695194
1326213
467352
434947
1006028
933700
1454893
1072541
1326386
564259
31613
568319
572398
388904
1243364
792682
1140334
487332
1407710
11688
1532701
1855813
684153
423447
690068
697782
641320
1243525
464878
1095056
1307169
326219
10312
1243344
388906
861581
11695
686168
525885
1454884
1243358
1243248
1943665
2757788
1204809
984284
11926
1450479
1326363
10948
638281
479199
1283819
572414
1335626
505067
697741
1134665
333753
76592
941908
568336
1322091
11085
689707
1184772
911765
374597
434948
489539
215680
392523
1006535
423446
1168274
1326562
2040591
573019
1169010
1322102
101351
1292957
933737
526806
1856081
479203
716216
580528
1500234
1074418
1856073
1274225
1190956
1855781
458285
505114
804442
1168253
1367810
1862723
10957
1169011
500137
1564239
1243228
1224541
1309659
580563
1243480
526800
1564233
503770
1004848
1345288
861474
1071029
1274238
386270
587268
1835821
864251
1072546
1204792
1004830
1068680
864269
326247
999466
507728
510853
568364
1552893
492507
12087
10961
31634
1168277
1544535
2757773
1421644
1072975
1407738
1204804
905862
1326352
662614
864212
1326719
564284
1073005
741343
804298
505124
587269
1407704
10916
568323
1326702
517047
28326
1326725
804315
1320095
11031
1243504
12079
464899
297248
377613
1606856
11682
864199
428113
1367788
586434
741342
586448
1133028
11022
566584
505074
1307168
1159884
1204799
566571
587265
627249
1326500
333760
48539
368012
1072548
585099
185906
1546162
1835819
1243343
662653
911804
1004942
505063
1243573
1326628
697794
564267
500051
379433
1326119
1928480
39012
1855794
697093
1204261
122916
505172
531797
28313
1326146
124313
641346
489460
1943646
1006033
1224337
1421666
510666
1043222
1326731
662617
1367759
1335898
489501
1184783
697710
1755352
489471
12475
185895
1140305
689710
658047
1326665
82830
1427964
879550
911782
909645
1243457
510669
185579
1299834
1421680
697772
1421678
497743
716301
1243250
1326698
1407702
529829
326211
376265
911753
576899
1755340
756068
1367837
522653
392528
1461310
1546165
161240
469474
669479
1140303
669478
1539831
574984
326230
227984
505184
1407719
1326276
489495
1243284
1326618
389402
507715
716493
663244
768577
580533
1367832
684598
1853795
1835814
379424
179011
576904
909629
1295523
1326228
1821752
566617
766182
566630
1835789
386709
1134632
1853816
1367765
757017
1326589
389454
10566
1835791
1546173
489538
407259
1326373
585087
566629
1853820
911738
1169015
479215
1395181
500135
587220
905892
861562
641350
376610
504992
1326190
570916
1424309
53258
2025839
185904
72132
1140273
1140276
1248133
10410
1309663
568353
1407686
464902
757025
1646386
1326214
1539790
500140
1326226
1326474
690043
1134622
713940
1326462
565346
505012
1855812
438764
10302
1907161
754497
1243221
1405541
410238
566588
148357
697743
1168268
1326445
1243230
909038
657189
564238
1529909
526801
1243327
10305
1069546
624431
1855736
1835812
31587
489463
505122
505135
510659
619591
651668
875495
326225
389434
758890
413041
487336
743954
1133025
410250
566574
587260
1326297
1454883
684217
2974723
161239
11082
566585
510681
326205
1204813
1116818
391650
1855739
2029708
686179
928294
1073008
696619
684211
147672
11060
684167
587236
326215
697725
458269
1431813
12093
697730
1287872
861461
11028
1646444
1546160
754492
1326115
1835800
884098
1161735
141270
510667
1134619
410244
641331
1243552
696603
1345295
138950
1552913
1247376
696601
765749
1247259
365000
586429
517316
362784
1454889
580568
45417
1035702
716151
662622
693016
500028
1856052
1140319
199303
407260
1134635
662651
1071028
713932
1140359
1421665
1326200
1168263
42784
1326564
36404
1243262
505062
235544
31702
686166
741341
503757
1326248
580556
565361
389453
675669
265872
1326183
1367830
389450
391649
1224332
713935
1140261
1367804
103929
471909
489455
864259
1326347
12104
697747
1243271
647517
1855747
1479611
410242
517306
657196
696602
1243390
11259
1407713
12101
1204811
147711
370529
11292
458278
666966
641351
1855792
487340
633553
580515
580532
1326417
697753
1326735
531779
1043224
1914544
10962
1309658
38766
1855777
1168264
1243220
1334497
1074422
529838
1685050
453115
1367799
500047
1243453
1326686
36436
864250
49892
539386
1853805
1326331
31708
565344
984288
587241
132475
1326537
1454887
1421640
1326506
505157
11256
1168270
1853783
392520
748550
505076
525881
1243434
505111
1615611
10360
946522
487324
598655
1200718
1296201
1943659
492506
487329
31699
33741
1248134
1326233
587277
1299974
1529032
374598
572403
402043
539353
1405458
558273
185580
1529019
487325
539384
1073004
539371
1894994
1243370
1326312
1835794
1855774
909041
1326565
1211016
679019
1140278
573016
1334501
686169
483220
1299982
1326468
1326277
564252
983459
904827
1326498
41856
500114
445790
864257
379450
505011
684141
526795
1140309
510860
1454894
552809
1326632
430068
2650411
12134
510856
1646436
471931
1243288
981128
1140318
641315
1431817
130668
379435
568335
1243247
587276
67605
1243275
1184776
585088
1367822
909025
503741
1853787
31515
983461
662616
565359
1856060
884101
531787
716185
621277
864238
572417
565347
1140326
1450478
1334492
864227
10298
1517614
580545
11068
507722
1116808
686193
696612
500130
1309649
53975
1243239
648237
500127
1326663
1302701
1326456
697728
1326227
911801
710757
684203
1190958
749226
1193395
1072990
1346097
1606853
503756
758909
3051246
650120
983468
372590
1326215
980092
1766195
326204
765755
1326109
505072
1326303
1243346
505014
107263
624440
1197118
1035706
905870
1243195
641357
580549
1326732
11261
690075
911761
36384
11038
1545855
909396
1326493
564240
1685049
1517623
1853794
1326380
1326606
662626
232102
261993
370534
662608
285423
933708
666970
564219
1168265
1454896
10418
1552894
1243394
1243339
586445
407261
392510
1035696
1105010
572410
464877
1068679
12063
1532705
1243301
449280
697758
539362
1140306
1367820
1862726
861460
1077210
169533
325568
933716
10944
1326661
1862721
716233
758905
1326164
1087424
505080
1117769
504994
1481391
526808
1943661
487323
1835807
391646
684224
31513
1755333
1326121
1295526
580544
505173
690064
697767
1243417
864242
697748
505085
10376
1296212
905863
690079
1004941
240592
662612
151531
1326149
566615
564231
122919
1074899
517112
1299985
905889
1367761
558272
1322097
905868
1140294
1326416
464910
61856
1856064
571648
1243381
641336
1283810
586426
1295563
675668
1326503
1326212
697696
1243507
31638
1006530
1326389
864210
905881
93986
1564235
11689
911816
388799
566619
1140362
1243419
416557
1140275
1326538
517116
758900
496869
526805
1043225
697717
11297
2757776
1092563
1326534
1326594
1004812
1544541
1564231
1072969
10409
1367828
690063
1367778
1184768
10929
1140355
505050
1334494
716009
505044
911763
889507
501495
1243532
580538
686187
2015550
1299955
1326563
140024
270338
1855808
489494
1296571
505010
1004797
580512
500031
388817
1326737
1367808
686148
571505
1073000
1326455
31565
1517630
1407728
1004794
376267
505046
1004946
572394
641359
627244
580565
1326681
684222
911815
697611
1835833
1325137
1204808
487330
657204
434958
564239
443950
1309676
1326342
1334499
710753
2772505
497748
505019
500117
1184796
31563
716074
1326170
44134
686155
1891187
2760818
1462268
479221
1095055
1243436
510879
72138
641322
1853798
1299966
1569799
1684171
598674
505134
1906354
1407678
1871752
468918
511295
10248
434959
710748
696592
1140293
528998
510871
568506
1004945
434936
11255
566628
1419710
504966
1140258
983475
1326244
1035680
510668
699023
1224345
587214
1299929
372586
690066
365005
1204797
437606
1335896
1243254
1855773
1243243
1094389
652674
301352
1835802
1835835
1326123
12132
1326287
505126
911764
510900
1004837
580503
1367829
1070546
79692
647336
1326179
489489
356494
1835792
1243426
716176
596278
915380
1140288
389443
10359
489496
1004819
1326473
1462269
1544538
1326633
503765
1326199
290254
1204266
686136
696572
882804
1856059
10968
1193386
479222
1243255
1529024
1326338
1326209
587275
11580
864196
1326604
1256880
1243300
1326484
1692155
12102
1835839
1117801
1027470
758894
983471
1298362
1326491
1421664
469010
545509
641321
505147
539401
31766
684131
1546170
709489
1129884
518987
479200
1326319
421877
1973200
11083
1431816
397342
864243
627242
471918
1678143
285422
697775
2773468
526807
262858
1326469
889095
580514
1004845
1334493
364989
1755329
686174
1224528
1744853
72134
1326662
1072998
2017707
1326670
10246
657214
580505
1004861
861465
1407707
564265
905869
510882
517310
933719
1326162
2683323
505230
504984
647452
941909
1326584
564245
690053
31763
1871754
132487
1539798
1856079
1134636
864267
1134620
1129882
1299945
505131
1309655
684181
1326649
580531
587219
155430
1326422
1326165
587647
1367771
10338
10950
1243399
2757779
1326304
911813
1427975
1070812
697625
1326383
364998
72140
1156979
1755334
2751882
861519
587224
716229
1243371
1421677
1004800
1086567
1326528
1973209
504972
905884
10309
576572
1134626
1296205
641341
647454
566599
503759
292226
1853802
1517611
1345266
505161
1367814
11300
1532847
565358
874435
307044
1686846
663254
587271
1134631
641360
170524
505181
35333
1835656
1140322
513139
571213
1367842
10316
11250
748549
587642
1129879
489462
570911
132485
1855803
710750
1274222
686175
713948
1977311
587200
1695198
1271534
1326553
568331
638276
564285
70146
568326
911758
568348
1326252
262307
1335900
754493
864219
3020262
663257
710755
3087233
526791
1243572
3003970
716102
1086568
1224350
1247260
523177
11086
1855796
792688
696605
1892025
111468
638280
1552895
663256
408690
1892019
1459673
697733
1367806
1326306
697771
743840
716034
864252
680268
1407687
1140290
464906
1004857
1855786
1695201
1302700
1140295
566605
526810
587245
1334495
864244
1243316
11021
716029
1943653
663253
306588
1380711
1035699
10408
10412
1140352
1243368
641312
1049161
641344
1070529
1835829
576900
1006496
1299972
1274249
684179
690052
1855746
1224349
1326130
1219352
684187
1204265
1243353
510885
388824
861568
684183
1004879
696573
904828
864279
10300
493803
1631305
1855778
933724
1243384
983465
1326524
392519
1812176
501491
1326202
529832
1326696
1407714
1326717
1243534
587250
1226499
31642
657203
1855767
1070828
1326250
561309
114408
427495
1004807
697689
500113
1069673
758889
2170195
410236
1326353
487331
11284
1853826
1004842
911778
1274248
1134629
1140368
1835813
911757
1395183
1326132
1326336
684133
11036
1427969
1243351
392521
1326487
1539784
1856054
1072544
509615
1326476
11059
1326305
1043221
1326447
469015
505177
1835834
482130
1243362
690062
1326517
1326258
1407717
1243352
1243214
697760
1345293
686171
662618
1967317
195055
1855751
1392220
1855745
864195
392509
1421668
641343
1274241
861576
1326555
1127363
1168272
1326582
657195
697700
983470
686156
2152662
2815258
864198
1224530
1407695
1856068
684207
490292
1204235
1116810
669485
2043570
1243318
1004798
1835824
1840794
504964
505004
570906
1326264
933743
1367833
1274584
1809695
709492
1226503
1326554
1243411
500121
1407680
1326489
627248
529833
444186
492509
1539829
408870
1243559
653891
1326335
638286
1035665
1069547
135733
697769
1283831
10314
1243444
531768
580502
531780
2870393
1243403
1431822
686176
365002
710752
122925
1326607
42783
1077209
1074421
1168275
365004
317880
1299976
658397
1243205
1577497
1755328
1243541
1070835
1070697
479194
1070829
1407697
911736
568352
531784
1882325
1051284
690056
657205
580525
684169
1117774
568368
505118
586447
861468
1954145
1909802
1140331
564246
658045
1283829
1882327
1577499
1243539
1835838
697709
1835817
716253
36408
505116
423448
2316109
483222
1326413
11928
684159
1421682
1853818
909028
1243561
1274237
31577
684223
36441
1035687
1326379
1755331
170528
1326421
1326478
911799
933701
1454888
1517622
578840
505088
911795
1184777
326227
37755
1004811
716081
684201
697623
167124
585065
696584
1646458
684220
1853824
53980
1169020
36435
333751
1326544
1296197
10254
505093
504944
1299939
645098
568344
1256595
517308
504949
434940
933702
580540
1224339
505106
1326364
627260
504939
1564217
301187
1326581
1274586
564256
1345300
36382
580555
1070833
38804
31589
1190957
11175
1564223
517039
697719
697726
1496285
1274216
1274224
434945
580513
10534
200684
1383583
658049
1345303
1631304
199304
1326700
1243324
641335
696568
434488
1855770
504975
1093295
1486430
468917
1299971
1004809
1392219
1043227
69162
861573
1054332
1004806
565356
1517639
31581
3033760
31762
11235
566641
1287867
980177
1204237
696588
1243216
505117
329688
539381
503740
933734
1243458
564220
1140265
1306931
11173
1367793
684165
696587
1004844
1243374
697718
12089
1345305
662649
489541
505083
1326175
905877
792675
697703
11172
627265
641326
1072991
1943656
263599
44135
500116
517312
1529031
1274583
1243224
716423
201444
1001057
1933901
1231331
1421675
1140321
326203
11285
471929
864237
686165
572416
884094
479190
1004827
391648
1326687
1243409
696565
1855737
1973205
1326680
1892009
1736718
624436
1517612
573020
10935
1134613
44019
1835790
1146934
510855
1428460
458270
505070
1326675
1780347
1529035
103911
1326157
1326625
864245
684180
686189
684174
1095053
638275
1646489
1326254
1326643
980173
469013
1460005
10426
911793
1345298
1326326
333284
1117768
1274243
1296206
587025
710754
11293
587209
1140298
10313
1243396
479189
658050
686164
84272
1461285
641349
697687
1243471
37324
565342
1368314
1243235
1326678
69598
1105024
1299994
479193
765757
237917
1345304
479214
505171
696590
1326497
1461293
362651
624435
716115
1283817
1243330
1287873
587244
31591
1326141
1855789
1274221
464885
1283834
1274244
1407722
587253
10306
505039
500139
697744
627509
1204812
1283833
909007
1326174
489497
11253
186160
911790
31512
1326404
1243297
905850
1243357
1260939
1853812
716427
1367816
884096
1243567
471934
1140299
453116
505185
905879
675667
1959932
1686850
185916
33774
31580
792683
697706
587255
1367783
1004839
1517626
792686
180231
1345296
564229
1326533
1401315
464876
10967
889090
1140316
689701
573014
3138873
1243531
11278
1855810
984291
503754
1695199
2654517
31647
1856065
435953
1256875
500119
1243519
580521
1224533
35336
1243307
905864
627245
696577
1243208
1070682
1299995
374989
392524
565357
692532
1326669
580547
647334
909000
364992
10951
185921
69163
1855756
1856058
1243427
69169
1226504
684173
624433
1407736
580517
587279
1868658
1695186
31764
28285
37759
1385608
487322
364994
407135
53965
1243229
1243266
1193399
587281
879552
469011
911800
1853808
2487724
686152
232101
503767
627269
1224535
587259
1134617
306587
911781
1326593
864226
933715
1326566
1862718
566634
170527
1056489
1326705
1326558
388888
326229
505100
586436
505001
1243312
1577717
861567
517044
1004834
326213
505028
587262
861566
565338
647337
185891
705080
505150
1326137
1853827
697783
1367841
879097
1243533
1755358
505165
716446
697791
696615
1224331
1892007
587221
1243341
641355
1326232
566621
1367772
716042
508362
696564
505060
570915
44131
1283798
684154
647330
1140292
106820
696580
10934
301186
1243551
1407709
1326552
570909
1056491
159464
1539816
1326710
12099
1004864
53963
505227
1243186
1326414
1116816
510673
697707
1935387
1894993
1184771
361066
1224352
545128
1322096
79064
1552896
1071966
641325
2764097
510834
1004872
1345302
1755335
458267
1243447
389449
1243495
1006055
464896
505144
663247
587261
1243483
662621
1326366
1367795
42776
10971
1184797
864193
11591
479219
504959
653893
1140323
1855758
505096
1326265
1755347
1326358
1249859
1326621
576571
11062
1326508
1226496
510876
696596
696594
1134639
1243223
1243398
510662
864271
641319
510891
483221
10413
765759
195475
1243414
653896
1086575
1665685
12870
716267
1383577
500054
756995
2021320
1856043
1539824
1243540
911760
1367815
1882328
1892021
690061
670013
1326424
389463
1116812
1481390
1326672
713933
11034
624432
905860
1070834
1006493
1256873
657219
510873
1193387
1307511
389445
12082
505043
531928
1856063
1168249
580570
464901
909006
1133024
372644
566583
568362
1274234
568324
909393
1204230
39005
697759
11041
1529029
1129875
150717
510665
697301
1326440
713938
1243206
1190959
572396
1856067
505049
861565
1326431
887489
1243308
517114
861471
686139
410241
1148507
1334498
1891764
1835828
3019660
627271
464894
505016
1537146
1309657
470422
69159
1326588
510664
1070836
580535
756993
389385
864241
586435
690060
1326328
1072970
1243423
1345273
490295
909009
697754
697735
1299959
1326410
10610
754496
1274589
510677
568356
1736716
505040
587223
1307165
1140370
981017
1243245
1326576
42775
1544542
505000
1326243
686160
1943651
756069
570908
1224536
449279
1326513
1335897
1326395
572393
1173217
132484
684595
243803
505151
504938
1292954
1243543
1406939
2021315
1211020
1299991
1140335
79065
1296213
638285
1243530
1882336
792678
392527
1332734
2757789
1326171
657193
1168279
505107
1452758
1529020
564258
756991
10244
1683441
1564229
1326180
500029
434949
662603
1345306
1835831
1326501
1326420
697705
1454900
1755341
1545854
684147
690069
1243215
933745
388825
458287
861577
1345268
663246
487337
1856044
531771
1326406
696611
471921
1483500
1168252
504999
1326273
211044
1405457
1326296
1606859
2032993
1299980
644773
987163
326226
1973207
879095
505136
1140297
1427973
1140324
1380847
1307514
564268
1204257
1071963
864266
489503
1224539
505102
911780
1853807
428112
686145
1335902
572401
529839
504943
1309660
1243452
1326396
1892015
1326573
1243365
1248132
195481
931527
641348
1243468
452481
889087
566577
505058
496868
1835659
1853799
911748
905876
376263
658053
980094
564247
566598
11074
1459045
627275
911807
185890
580567
1204801
1226505
470594
500138
662636
508361
104624
1299965
290544
568343
11168
1326586
1243340
464897
641339
1243494
458276
510881
372227
1345285
1407725
1243276
1326144
1095052
467144
1532848
1193392
12106
326242
1326518
684200
31525
1035691
1283820
410247
479198
1367784
1326222
141265
864216
1326314
627261
1943645
983464
402046
1326117
11164
1004854
573023
1326432
911794
31707
1086583
661504
11273
539373
364993
1073003
1140351
388905
1168260
1973202
185913
627253
1815577
981018
471927
1335901
1977310
1243416
122918
693632
1169016
434952
539392
1243188
1243386
1461296
53978
1089795
1072985
757024
428111
911769
11298
587645
539400
460819
505087
1326241
1243395
375192
505061
185911
641352
689702
1322094
1529028
864681
1972429
1299954
1184795
743959
1070548
1140360
1283825
479211
36375
497747
1094388
505056
765748
401671
1056492
185914
1511733
684193
1909803
1395179
1326575
1243465
1243379
686142
566581
1326151
1326293
796210
1855742
690055
792681
885506
1004795
566578
500132
1539797
627264
716510
1326339
503743
386707
370535
1243554
1326361
864231
1461314
10335
53982
1367796
479195
1407732
909040
1335899
661502
505127
32606
539375
479218
1454904
464873
285262
1695190
1326348
1243286
1917079
1606854
1304751
1117799
500126
662620
580579
766985
1326346
1105025
716283
529834
376266
1454903
504976
684135
716469
408687
669481
1243568
1326483
1004874
1835827
1117763
1517615
905856
1007019
11037
1304610
10259
1283796
697298
1326704
861473
686194
1367811
1268791
545676
757002
1326302
1326571
686185
1243421
696585
510847
479196
504955
1461305
642245
12538
558274
496867
792685
10946
1855776
578842
887488
686191
434932
1004873
911747
1326550
1299933
497745
446562
684194
1243550
1326359
1539769
662602
440266
434954
208895
1367779
587256
568320
1243282
416163
1299978
410234
1168266
1334500
1517620
905859
1134630
503761
716439
505154
474341
379441
505113
1856062
350832
564233
545129
909635
1529021
653899
1472715
1326400
1224340
1367768
565336
2848128
698707
1072984
1224330
531778
983469
1400548
356386
1326714
36439
1134633
905887
1243474
864282
1517621
1093279
1299993
2757786
910402
650132
31636
662783
434950
1320094
507720
2849769
1407688
1326160
1856045
911762
697697
758906
879654
684215
861467
861563
1326592
1052888
1243476
686167
861470
185903
933699
864187
11067
1326448
57279
44136
2898086
653894
326224
1326329
489464
1243392
1855790
122913
983467
565335
1460698
69166
105506
697702
363191
505042
627263
1894997
1326580
1326257
401074
1093281
73483
792687
580558
10304
1243498
1407731
670014
1326113
505140
915377
37124
31590
1168262
1853803
517038
1326217
1140279
587639
351680
510903
909649
1243209
1646450
122961
696582
1882326
536061
1855738
1326660
697708
10407
709490
1326428
1159886
744249
1326706
875493
2757769
757021
564260
2596879
1326708
435895
1421638
346048
1092561
697619
1326367
1004876
1193390
576902
1461298
1326646
1243481
320708
1853814
1274223
1193391
1326444
1683442
505033
662629
10954
1326201
580557
911739
1283807
379445
568366
1421647
500043
185905
931526
653892
1367777
505065
587249
505029
434933
697701
864213
662615
568337
1302698
130666
501493
699022
627250
39054
504997
1665644
1105021
864191
1299930
1243524
73034
580577
1204794
505023
1070690
1140271
1367834
697620
1243446
566639
1070547
464879
980178
1326195
1243565
386710
1407729
585097
999890
758896
909026
1461312
864240
1967318
501488
653890
510838
1835804
566590
1004831
1299941
471908
1755342
1105026
1454892
489472
758892
911797
933721
557241
1224346
697739
658051
641362
10952
1093305
1004882
1835809
466234
662654
182835
909630
686173
882805
1243298
568307
1004881
792677
505152
10978
684594
1421645
69164
106517
185929
697714
1224343
1569800
1483690
1243251
1326311
697693
648242
510863
647520
1140269
372632
587229
458281
364984
716494
1072540
1892003
767479
208726
570913
1326135
1077212
505022
1326723
566572
489452
500052
1546171
1421667
1224328
503753
626344
566586
716227
909044
1326188
505130
697793
504953
2691036
1892011
1326308
1243272
565348
1326309
1274251
568371
564241
697723
1117764
1326695
35274
500038
1326451
1546166
1243433
1367790
1243432
1274227
757426
1086574
505015
372642
859154
627254
464880
716312
1683439
11166
505229
10299
36383
32603
10583
263595
397542
31578
672377
503763
1274247
1326307
1326310
565341
566601
1243537
1072538
262397
2200757
1072973
263596
756999
1367767
416137
1345280
1299937
697624
1517632
1187994
504956
1299831
1243413
1004855
661503
1194337
326220
1532697
795396
69153
587217
911787
1072986
408694
545131
1326539
679443
564236
697715
909001
905851
1243383
1326124
1326407
1326529
569626
684177
505159
580520
911766
526809
1326626
1068803
669482
185894
53977
1181711
539389
1307164
1299952
1140260
1578041
663252
531794
1184781
638279
489499
657188
1129874
1407737
1326118
909033
1299986
1862716
570907
864249
505109
59301
504969
1243269
1243448
1243190
517046
11679
1326249
1943658
716330
763792
1117757
1299961
1856047
1299990
1326120
1326334
531790
471916
1299989
368015
1326282
1071961
1326154
586451
1243472
11064
3344478
1326372
1325140
933732
568370
391647
1326147
1204232
458279
1326587
572286
1256874
82829
1035692
1345286
889098
1326399
686140
195478
1140367
905855
1835796
697713
1367760
1326169
490026
911741
1004803
864233
1068955
1004878
1606855
1163371
1326525
1243191
642247
641358
526799
1665684
1140354
690044
909045
1856083
586442
167127
909037
1105007
1309673
10303
1274233
1243294
1243503
1326349
686141
526803
1326559
1243556
510842
479212
389466
1427963
1496281
36346
696566
346046
1326300
1755346
517037
566616
1855814
505183
392516
1243283
1072542
1204786
497746
864215
1564243
933741
1204268
1665682
510660
510674
370532
410248
1326337
371094
879553
1407739
757006
539369
697698
1287876
641327
587258
388813
587206
1326133
31607
2021316
564269
1532713
1427972
540992
1427968
1243217
587252
1326345
1326377
1459676
1532846
2021322
31570
574986
758899
1326324
1407685
743839
1326453
539366
1699095
1146936
909637
505017
909392
686162
471907
185902
1856074
1367773
1326435
1539795
1168276
1428458
1140349
469476
1299947
505138
861583
1427971
400034
1326192
505167
1461297
647516
3138874
697766
408871
1243510
686954
1195790
1243467
980174
185910
658055
1856055
510857
449277
1326318
1326666
574748
500123
587274
39008
1326515
1283821
1891989
1569797
598672
909019
1326542
1407694
886989
1072971
2757784
1406943
905882
1134615
684152
1226507
1299963
44017
1307513
580554
565350
911802
505119
684149
470423
1283822
757008
1795042
1140366
1219353
11072
1325135
565337
2757792
1226493
1367769
11698
1326442
199305
1326531
434956
12090
948990
1326728
1243412
326208
1855805
60878
1326434
1855791
911812
560626
2760819
566597
1345284
42770
931249
689700
11057
587233
690049
580537
1243246
1835823
716303
565360
1546161
564224
570910
501489
568322
1243500
1517636
487335
1439707
505153
586428
1855740
1243305
1367812
1243242
1243263
12080
911751
1326333
464875
624437
539380
587638
861564
171615
690080
1849797
1008433
679655
106821
213997
933720
684156
861580
696583
716429
1140266
1283801
680269
1006008
500120
3115558
1004944
716502
716104
185896
1004822
713946
578830
1326275
1407727
531789
11687
1243187
864258
12135
684143
464888
697626
1326427
680272
1043218
2421439
1326145
1140301
505068
716224
185932
697711
505094
1094386
510888
389455
1326207
504973
545508
1326651
372785
1243213
1326520
1326627
915382
1367843
40360
510884
410243
1116811
1853788
686190
482134
57482
185923
101355
1243331
386706
1105022
861475
1004846
490299
1407690
364996
1274214
2170203
1326526
1695195
44419
2169701
2592526
1243199
796760
10372
505053
984290
1326194
503771
1326415
1313215
691321
505137
1405459
505170
1140282
364985
911771
1095054
1484554
1072980
510901
217363
1326709
928302
1835799
796759
10310
1004852
471358
1367782
1243376
560613
31588
1853791
669483
1035678
1243322
1226498
42779
1243240
1243293
587222
1646396
500056
539357
980091
1736712
757005
690045
11137
586453
11984
864684
2847143
889097
308425
1004850
467025
1169021
1307167
1755326
11069
1546176
716152
1243496
409917
1326423
1274213
11252
1326479
657208
1943644
686137
1307504
1380709
1243415
1129877
33722
500035
11257
905886
602074
479223
31769
1004867
566582
539352
1461307
1856049
511294
11703
713942
408689
37758
1283800
933722
1299973
1243325
638299
471925
670785
1299996
1882329
1140328
1367792
1161742
568338
517318
539388
716442
1461309
2757775
1140268
684195
1517633
1226501
566602
79954
392512
1056493
31569
1539777
662635
557232
510835
627274
507729
1243549
1243321
1070830
1461306
1326441
933704
1072999
522654
580571
690076
642246
686188
1835793
690042
713937
1736710
1071023
392531
1116817
531793
580559
1243287
11704
716142
10918
1309662
905853
510867
69168
690081
1204807
754494
911759
483226
1454906
460816
909651
662624
864265
1072978
911742
10533
909636
306586
1243261
884100
408599
481539
696610
1855800
578829
1243502
452479
1274226
1326699
1326461
1856082
675661
864262
697770
2654515
765758
39085
759800
598656
1407676
1322093
1326267
1283815
379444
765760
697755
1546175
1105009
662637
641324
641318
1454885
1397286
933729
185915
686177
185934
864253
416159
531795
1283824
11578
44020
394077
517113
684185
1517628
11089
500027
504989
716023
1243303
1695193
1755332
1077211
10308
103922
290543
388814
684186
504945
1326613
1299830
889505
1428461
1856061
1243569
293396
1140286
1943664
662604
1326168
1967314
1326327
1299981
684199
684162
1243536
1766198
746014
1326148
575939
1219350
379446
1326545
1755339
598673
696616
909014
10249
1326464
598657
1116819
1243237
1840797
2654516
469012
12730
505090
684202
1211021
253182
1529018
1204267
697731
1299835
1326381
11039
933713
1204795
434489
662631
580509
1287870
1383580
684196
627243
911798
757015
1243295
999467
909018
911791
1367785
389400
915381
3070749
2759770
10362
1894992
11211
1283806
1326727
1532708
471911
743493
1226502
1326472
1193398
1070688
379440
1072993
1299931
539396
1407733
364988
365006
905875
1326272
1326722
689712
1326283
1043219
1134621
1226494
372648
566640
758897
696595
101360
1546174
662650
1871756
505175
167125
1695203
1243393
507726
505141
1517644
684161
587227
1161734
435951
1367813
1070698
1755360
500044
1140340
1256876
389433
510676
587278
1892027
471915
1224527
1326271
716225
185930
11239
1184790
933730
1326688
1073002
1077208
564221
697704
1322100
1407741
1853786
1891983
1345292
1004821
1243334
1736708
1243244
911779
1337059
510846
1511807
587267
758891
379423
1856046
1307515
641338
1835820
566620
1274219
587207
471933
587234
517032
1407720
933717
1835803
1532710
1224336
1001059
379449
2757785
505163
871649
380389
1407726
909005
469959
1784943
716199
641333
285418
1168278
1117741
1862725
1097017
505026
911755
1524961
663245
505226
1296211
684138
173527
12085
1243555
1544386
911775
1421649
1736715
1134637
1835832
1407700
1564245
696575
72136
768575
697795
510862
1407734
568330
1326390
138948
1243360
1243404
684166
1094565
389457
1665645
864194
756070
1140341
1224538
185941
39013
505112
1204260
1546167
1862717
1345299
1736714
539354
658052
1646487
557245
684139
1529910
868775
758913
380901
509627
1326738
1326629
1450481
1835830
1326507
670791
909631
1129881
1326597
1140350
471906
864682
12100
696599
510675
587257
624438
12584
1004808
564235
510679
378263
1070689
627258
564276
1243557
1856056
696569
1070810
531776
471937
410239
96046
580569
1943662
1312075
1283797
684216
1274235
1086581
911734
12107
1461287
185909
911786
686158
435952
713945
641317
662610
37754
757009
1755359
1156074
1299832
1309654
1184788
566608
1407681
1606852
578828
1070531
2757770
1243437
326223
504970
792684
11277
861472
1283812
1117759
684188
572409
1407735
686150
510670
909021
1755356
981019
1367819
1072994
147673
11701
697621
326217
1835826
510852
580572
1204263
1197117
587254
716082
864685
1367789
510837
1326602
500032
147674
1539765
208893
690065
684175
1545856
864188
1295562
505121
1326641
1326398
1326716
697950
1004801
564272
666967
1283799
1074898
464890
1407677
444184
1168267
458282
564223
195700
1326394
686170
510843
1287869
1695188
1283832
686149
1326496
1299953
1243226
464874
510680
1296198
496870
596276
585078
1117795
697738
1335893
568363
911814
1247261
585068
684221
570912
627267
1004841
504962
684160
1243526
1326724
505057
510869
11044
566632
1224529
434955
389399
10956
500040
11079
1325136
571650
662646
1302703
983460
864230
1129880
743958
1299946
1184498
1326290
586439
510883
572411
911776
568357
759802
1072968
1326376
1168271
1943655
911789
1326438
669486
1140333
1326159
1204259
697699
479188
59303
1326223
55075
479217
1326504
1243279
1243406
36385
113194
713943
1855795
1529025
137876
325445
1835657
1204814
1243456
1243267
1326126
39015
1299938
2021318
684226
1326216
652664
1243236
10250
1326433
568317
1326609
1224341
1243575
11258
504948
2847137
138951
525884
1513822
505146
389447
2697049
11029
1190955
1326561
1243520
573018
326244
379439
1853792
1564213
1755330
697792
122928
31566
1243231
539399
44133
697777
33755
580519
565351
1943663
758915
1326647
1326191
1326449
1243461
1299950
1326460
1326340
587240
697729
1073001
884099
587205
1856050
1335903
1243475
1116813
510844
504954
1204806
10363
460817
1070676
1274242
1326583
1134612
1243508
1184787
504983
1326343
983458
1564219
909633
1161736
933746
1004799
510896
627247
1326658
490028
1070831
1243265
1243211
1243336
320707
392508
1243571
517050
285421
566596
686180
1004871
471936
566594
690070
209045
31706
1168269
566593
167128
505051
12578
909024
768576
758898
10258
1517613
587235
531785
1454886
1407730
1168273
118655
1243420
684189
716069
10378
1896046
1073006
1268792
911743
1133027
909648
1204258
1070827
407141
697781
580529
864274
1690262
1169018
1204789
206160
690050
586450
500033
933709
505120
564282
1326231
1204793
767476
909031
510682
697765
666968
1906356
765753
981109
11105
1326694
1243194
568339
1326184
1179678
1862720
1006495
698705
1161732
1326458
1326569
2757783
510894
697763
274042
1117798
1140356
1326721
1283826
11065
1326211
1243487
909397
1326619
510850
1407708
580542
481717
565363
539393
1243574
1179682
697786
1326181
566573
1052890
505115
479210
155538
1326546
586452
657209
1892023
1204256
565353
993362
684164
1159001
1326631
1211017
1243202
320709
1326707
392525
627273
1326574
564280
905858
697762
587641
28875
1004877
1855744
1299979
1544543
587228
1853813
1842895
130665
10923
1140364
1326734
505084
504957
1326350
1070687
2847139
1322095
566613
1326502
1459670
864197
564262
10414
1141754
1326608
155431
11318
586432
317879
529836
1168257
1545857
1326125
1326409
1204796
1334491
987162
503764
505035
1326247
11032
1299962
864246
1299977
539374
449126
1184784
1307162
505027
1896047
2760809
420174
1299967
1699092
1299975
1849796
1299935
647465
505168
503749
539356
1263720
1243329
1243401
1243268
500128
479205
504979
372618
389448
2664423
1461289
200686
1326374
1243309
1407721
388826
1326332
1407701
496872
1243233
1274239
1288274
1736711
416142
1853781
434939
679444
2884179
1243397
1309661
1855761
1326673
1140277
566624
31768
1326177
933703
641313
517035
517041
1299949
1283816
1789790
1326637
1326467
503768
517115
1855807
37757
766988
909634
564226
1134616
933738
716245
743837
984285
1853809
657198
1695202
1367824
2854795
697788
716291
882810
697300
909642
1326437
11690
2757780
696570
1243527
1004838
909002
697784
1431818
757003
545130
39016
479208
10931
150846
1299992
1243482
1326239
641334
684213
708161
662643
1274232
1862722
684225
663248
10251
568327
1326234
1367794
1855801
147684
2749421
500046
587215
1406147
1243335
1855811
1367801
684146
1784942
933725
1006054
12088
11908
948991
11692
1855779
1204234
460813
503747
884097
539378
12084
505155
1086573
1421669
1069548
1461311
434962
689706
1071964
1243431
285424
1326369
517307
662652
747988
185898
53259
1283795
479191
1074424
401627
905885
1326685
1326260
507717
864281
1367762
933707
689699
539390
657190
392529
1204233
308418
504950
1004813
531774
686138
1140361
1219351
529830
1855799
504965
10915
505045
565345
566604
507718
909644
909027
1176035
410246
686178
1204800
1283793
1431821
1140348
587210
1755351
507725
500141
1140272
72133
1326697
1517643
1243201
911770
504961
1855757
1853819
1243405
1243317
1326617
864272
911808
1385609
1367791
1175308
758914
1326511
716067
44132
505031
53017
434490
1243438
3019659
505009
1243462
195480
1094438
1243323
1140310
1345297
1853800
443954
1243196
568310
1307510
1891999
500039
1140357
1326182
578832
669484
500122
698708
586427
484894
1243512
684596
1243359
1204802
1326153
500025
653900
497744
1243232
1043220
1400549
446561
905852
686143
2032992
1326189
1043226
389444
1326684
1033850
1903318
1703863
566637
1855743
653895
10963
172022
564277
151533
696622
1326509
754498
101350
407256
1345283
1140330
1326429
1169012
539385
585079
1532695
11236
1243517
464889
568341
1268790
64320
1004810
909632
580548
638288
1835660
388795
323226
434942
471912
1243249
864256
10423
10317
517045
1243449
1882330
697778
1326320
1187998
1914546
1326412
185937
11251
568345
686181
479213
566610
1271535
1168259
1326655
1296210
698704
10927
1386847
1367775
564222
42782
1072982
1071025
621278
505024
933696
909017
1539779
1243278
1072539
716168
10515
1243389
933711
1004851
10422
911774
1683436
469014
195477
557247
1569798
1855775
679445
758893
1326624
10955
1086584
657202
1140345
864280
1421670
489451
1853796
1117772
1326570
389409
627268
657200
10925
2169991
1862714
1326691
540993
564279
876854
1296207
505186
570914
1248131
1072997
684191
566614
503751
177899
261995
652649
1117745
507714
1299944
511296
578839
1326635
464900
513135
1004866
980175
1027469
10805
713939
1224335
905872
505037
587232
1243375
578843
1539821
31678
690046
697785
12086
1407696
2757790
1283828
11163
864255
2757772
909022
765751
564227
392511
690057
1326578
658046
489458
568346
1326351
114769
1367840
684136
437607
1243439
1087423
1226506
1690263
1383581
1326134
1532703
686151
1133023
1169014
1500235
570834
626776
1243469
564250
1326664
1326591
1326221
1755349
1326642
505180
596279
684155
585730
1546172
334203
156647
564217
580550
326221
792680
12509
568329
697732
1136260
510874
1072992
1243463
501490
1243342
48542
53973
911810
368017
471905
564243
11702
696591
1407675
572406
285002
1577498
517036
933731
699024
37106
904829
1243356
1072983
10631
1161741
564273
326209
1882332
1882337
686183
36389
505110
1140320
1855752
517034
1074419
1326536
504960
504977
11686
763793
57202
320705
101362
464882
505077
1755350
1581556
1695187
696614
586438
662625
1895985
382726
1287871
1296203
1973208
12069
911746
1606851
1299983
984283
1326391
566587
167126
1140264
1326590
261994
385600
1326357
1243563
58535
1074423
766987
580560
1326114
1243291
909004
697734
1052604
1326245
564271
1215684
864224
565352
564218
864234
42778
1326322
204932
1367766
11680
500037
1283809
1309651
1243516
372646
464891
1855741
1134611
11691
578837
458277
1326600
1243207
767480
1243264
1326683
320704
2718606
10247
1243490
1459051
580561
1855788
580510
129951
487339
1326712
533185
114770
1871755
1161739
990147
1407715
31571
673322
1204805
1431820
756990
1326163
1071031
689711
1243326
587264
647335
1407718
262818
1326112
1755327
458272
35304
905873
335103
1161733
928314
627262
11678
1702293
505182
540994
641328
1140315
1395182
933736
1072977
889085
1072979
539363
1326131
510887
443952
1326639
2760820
1454898
44128
1140327
1043217
500133
1217119
1736707
31639
686172
874439
1326693
183403
657192
1855797
1421674
389456
1532696
510671
507730
568308
1891762
580539
458273
311339
470592
1326129
1326295
686161
364987
909390
505101
1853804
980176
213999
539372
517027
1204264
379438
566591
539382
1243219
1309675
130667
1862715
1326477
1117770
1421679
1226492
37296
290008
11237
510892
875494
909652
1168248
503745
503772
489461
10411
1943649
556181
11078
1299948
1326375
564230
1517629
1004840
434931
31915
564248
1407698
1140336
911756
1686848
1532707
1554483
1287866
1326330
1243320
689703
1450483
490294
526792
580527
1686847
651733
515412
1326419
1299836
1226497
1072549
510663
326216
1140365
861578
1243388
641345
1421672
1326475
574985
1406938
1095051
1326301
1004863
1299943
684150
980172
758908
1326219
572153
1892017
1004886
598675
716035
1855782
1004862
539355
101352
1256877
489546
1856069
1140346
564228
909647
1461286
384626
697742
1243234
3393935
1683434
185944
368011
662623
1367786
1243192
531786
1334502
185931
182095
188538
1326270
517051
1345287
675663
1274229
568309
42771
1459672
232103
864683
570833
290542
1688624
624430
10584
1367802
11162
864264
716302
10630
371096
1243493
657216
1169009
690082
1326648
1454907
710759
1683438
1070740
10421
716117
657206
627255
1140284
1004883
1326551
12097
12098
1051283
1736717
186538
861463
11553
716158
1853782
716431
1224303
1243280
1835795
389398
1086579
503752
933740
933744
1532702
1326652
1335892
1072551
1322101
1260938
697721
911740
864228
911752
1345271
983472
1283811
909650
434960
587272
1546169
1326235
37136
489457
1367797
11705
510880
1274587
2021321
505013
379448
37756
479202
505018
868773
889089
505164
864208
564254
1326341
1309650
1755344
31567
1461300
983462
1326122
1326230
585093
889091
1461295
1367800
374507
1243523
1243238
598654
1194339
1056494
1529030
663258
479216
758903
502326
1184775
517040
1326480
231417
290547
2905917
1407703
1072995
1004820
710749
185940
386708
587270
416160
10933
489545
586430
876853
504991
1427974
389446
1140274
1249090
33757
505052
1326634
587263
464911
1243410
911784
1184770
1140291
697746
1326645
1283818
1326715
1274220
1296208
510872
36376
1421676
1461313
1168247
696567
28292
517311
517028
909032
42772
1326677
503744
696621
1243435
1243518
389405
564263
641337
568354
984287
539377
408598
696617
641364
864189
566580
684597
505041
697751
641316
2870395
1283802
1835815
531796
1004843
566623
1071962
71031
392515
1243355
568359
1326263
697776
171264
443960
1892013
1296202
1070816
568361
505176
1055980
1243408
572408
684168
573021
1615774
1736720
1326110
1973204
490291
864223
647550
690059
104240
1326220
1406942
716311
500129
368013
492508
10280
697690
580575
1274246
657211
3020263
1866277
909010
1407705
697773
864209
1299988
911806
492511
758907
1326315
1134634
767478
1224534
580551
42774
1243422
566603
505098
471723
1140280
580534
568340
1243218
1074420
501494
580576
1407699
1051282
564270
1330491
1072543
1004833
11294
1326610
86107
505133
183764
983463
641342
1326425
379434
684212
1243292
329690
697779
464895
864225
686184
1882331
578841
1855772
909020
758901
1345272
1326516
1204791
1226495
445792
371095
1243253
743962
185901
1074900
36443
1204262
31574
686147
1274230
539351
1427962
11174
568372
1853784
1367764
909012
1326682
1134625
573015
1856057
1274228
1326405
489449
627241
1325139
1646438
1326630
1345269
1326527
1179680
1283813
933735
1345279
1539809
1004869
1835816
185920
1517638
572390
1646452
767477
232099
1299940
1421642
1070683
573022
1326499
1204803
663255
633643
1367781
909036
1517645
716195
909640
1326522
1134618
758904
505005
1243454
1326208
356410
1072545
572412
1129878
105503
686182
44129
10377
1159888
1736709
933706
1248130
1855755
434961
662613
933747
37137
503773
686953
2751883
470591
376264
657194
1481389
1326620
326218
486186
177895
408688
1539772
1421681
1326266
332193
638287
1243509
1219761
1326636
1282342
580574
1383582
126794
864222
1367809
1835788
449278
861574
1101405
1367838
864236
1856048
580541
647458
167324
1853821
479192
10245
564242
1326140
587248
1803956
662630
864248
874436
487334
364999
1539776
1283794
687340
1140353
1056490
585077
1577500
221130
1168261
391651
684132
587644
111609
1326671
864192
539365
1517635
864232
1326454
326206
1243256
434935
408693
1326142
572389
1094440
195702
213998
42780
716298
568312
364991
503766
1274588
510840
177898
864239
170529
407139
79899
517110
1367826
1243252
1243285
389442
11708
1116815
662640
1334496
596280
1326385
151530
1380710
1074425
240708
882560
1530249
1243501
1326402
566638
529828
1243514
1326152
1326284
696608
1326572
57278
1853806
1835805
407258
580518
11693
568351
566631
3088344
502325
1326176
531769
1105008
710758
1326674
587243
1461308
933698
716026
516714
1004847
627270
684209
1683437
1835797
389404
580562
1184779
580578
1855760
1517624
1274231
1407706
1906300
346047
1835655
517043
1326523
531788
1552911
10315
75918
1140287
364990
505034
1326622
572404
416161
489487
564253
1224532
1967313
662638
696609
539358
587239
1326323
697749
568315
1283830
1326488
471923
1326172
1326452
11167
1129876
1134627
510890
1326286
434934
443958
1862724
1517641
1243189
1855809
1326548
407134
1695191
1954144
2757787
1326198
10960
3020264
1973201
507727
1532709
1072987
662605
669480
1243466
1299970
452483
1093280
1243459
572405
621276
716463
1891987
1256881
434938
1274217
696613
1532704
1695182
689709
464908
1326653
697622
1184773
697737
1006507
1529036
507713
1539812
1853810
505187
31637
1326579
1520920
1193389
864218
1454895
716137
1211022
471904
696607
684190
452482
1692156
1184769
505104
1004860
1835798
42786
697712
380620
1117746
500124
1243290
887486
1243296
505055
42789
675666
1531489
1755354
503748
1326387
684204
879549
10415
1452757
505148
464884
1004888
545127
76591
1856072
765750
139395
1243451
1407692
578834
1217117
566611
566626
697720
686956
1243443
915379
1427967
1243313
905890
407140
669487
1134610
502327
1326316
684148
765756
864190
696574
657218
11169
1326494
669988
933733
54290
1552892
346049
716498
57726
1309652
31568
464892
410251
1755338
2847138
1243259
911803
756992
505139
981020
73036
1326166
505128
500118
587218
1243299
1299942
882808
662644
407136
347222
464869
510836
662607
200685
337043
376262
1943648
505021
2757782
716276
1461299
478084
11685
539398
905865
1406944
1265591
1326530
1421651
868774
1461292
1035683
690072
48540
11319
1204236
1326668
464886
1243499
12092
1296204
1943650
1243227
510841
11696
69167
686146
697618
1855762
1307507
185946
576901
11090
757007
758911
504993
909641
144211
647527
1853823
1517617
864202
1204798
568347
406269
504958
1326640
657207
388816
1283814
1193393
1326556
617102
627256
1326541
1217118
587646
11683
1495253
1243428
1461290
1004868
757013
1326128
564251
1326505
1004849
882803
1529034
11694
505095
568332
510868
1894996
12081
489498
1835801
905867
510854
1274218
479206
1459674
500125
503760
684172
505069
510898
1204787
1367835
539368
1326540
587242
716293
467024
1184791
185942
1326392
1322099
909654
63421
1326186
1856053
670787
2764122
684151
1086570
1522773
1307170
1326490
911783
2757777
1004880
11058
471938
1326718
1004814
1243310
641347
443956
510889
10953
1274236
1853797
1407679
510845
150719
1299936
650130
1086571
585094
1326397
464912
505002
641330
464909
1326514
490025
564283
1086578
697688
1326679
10425
1384673
1367836
1532706
1345282
490293
505097
587226
11073
185935
1072974
1326465
564249
911750
566589
697796
911777
633644
1326436
1564227
1086577
458271
1326225
1326299
1004832
510866
758895
500050
138896
1517634
1299833
909034
1008434
592335
1427965
1326224
696576
1004826
1284687
984289
185907
716453
505008
1094439
500034
490297
861570
1421648
1517631
11043
408686
861469
909646
1283823
911733
680271
1407674
1454891
911773
101361
45410
1204790
2847140
696604
1225730
350831
1326692
566592
262584
1973203
1072988
1695197
458288
686186
1326204
1326238
410249
1140329
864263
147676
716236
1695185
1283827
564275
572402
1006494
1345267
326222
1612205
1299957
410245
576897
11171
1367770
479207
1326229
505030
861571
1127362
265000
696563
864204
1256882
909013
1169013
1204810
510877
500136
1835806
1243538
1117771
517111
882809
471721
796758
933712
1755323
1334503
580516
1407684
983466
33729
10958
1169019
662632
364995
756998
690077
1190953
586446
578827
1161740
512345
510849
564225
1421671
580553
684176
1683435
1517637
1326393
365003
713947
662619
882806
1532700
1736713
1483499
1450482
539379
564266
1967316
11066
1326549
1973206
1367827
1004835
2777145
1461288
31583
1168258
384627
489490
1243547
1367817
1326167
70149
1853811
531775
170523
517326
42773
684144
1127361
505179
864680
505228
1243210
82834
1243225
471922
1140259
663250
689698
526798
460815
1307509
11020
578838
490298
1004856
410237
698706
1168254
757011
565343
1243193
416158
1326313
1855783
11279
568507
1606857
1071026
696600
686157
1414752
1326185
1326690
1326471
505160
1539791
1243332
1326657
864217
1564215
586458
1326603
1243273
915376
1326218
261991
647459
45408
684140
364986
757016
1140338
1140343
1326521
586437
911811
53974
1665683
185939
1159002
1326259
434944
10928
662634
905861
765754
11697
379447
864220
3075194
1184786
523819
504971
11699
1326557
444185
909003
1459047
1539760
505036
464898
490296
505178
690058
624429
587246
1004943
31767
564257
587204
864229
568316
489469
1243460
1182925
489465
1224347
1454905
565355
1531490
658054
1243333
185922
10947
580536
568321
1435148
573017
285420
407257
1326196
1755348
11254
1004858
1326242
864247
517030
464893
1326616
861579
1326388
1345289
1736719
889086
1326237
295027
1407683
1367780
531791
1193396
517315
1428459
1326644
1134628
684137
933697
1127358
1835818
1190960
263598
1004853
1243535
980090
1243497
1299960
452485
2777146
1243260
10424
1243377
326210
861462
1243270
1086572
587251
572397
690067
1651169
754499
716304
1004859
10798
1243442
573824
504990
1345301
1326325
11070
1243380
122962
564237
1322103
716046
909015
587230
1193388
1335895
365001
1739614
887487
1853815
460814
536060
500053
1184789
587266
743838
301242
580504
505020
386705
697874
662648
757020
101359
1406941
1461291
1243369
931082
905866
489488
517305
1006531
911735
1134614
1695196
1326378
1532711
1407682
1855804
2865371
154633
1335904
11260
11075
510875
1755345
1243400
1856071
686955
36440
504981
435954
1193401
1326486
10301
905888
716387
757010
1604860
657199
232095
1326197
1367818
1855766
380390
696623
1140347
586444
416558
587640
566622
716520
1421646
1892001
662606
1326127
566576
1224342
2596880
531767
686153
531927
697790
2757774
2777147
1326457
150715
392513
486187
392514
1407689
510895
1243314
42787
479201
1431819
11210
697780
585098
1307516
909029
1043223
864276
684210
1243548
1891985
1243354
568311
505091
545126
1068678
1243491
1326138
1326667
1283804
364997
566575
1140285
1224333
150716
434943
759801
757023
12083
568342
566595
1243203
510661
1117747
1914543
662627
1322092
1243528
1784944
1421650
1168251
1243484
487326
1243182
1243562
1243274
647514
505143
1326370
517313
1326384
641329
489467
1345290
1421639
1326187
697761
1855771
2718608
564234
697789
1224351
510897
580530
1243319
1967315
710751
1855793
434941
911754
1211019
587212
1345294
710756
568358
1326116
1882334
905871
503769
298706
662609
1326615
1243515
434957
1326382
11295
1517616
1249858
1539759
662633
471930
1004865
1855763
298707
653898
489468
709488
716184
1544539
1405460
1326240
587237
1427966
1140314
1326736
53964
1461294
1243513
647519
79952
565354
458275
670199
483223
1307161
909639
1856070
909394
864273
32605
566579
1891993
1326193
1070527
389403
1417981
1459671
10369
1224537
1326156
757012
526794
370533
489540
510851
490133
389435
103921
517048
1004804
1296209
12070
1071027
1855765
1292958
909023
185943
2021319
505006
165252
1163370
1140317
669990
1835658
565339
1243529
565362
379442
1072547
585074
568349
2865370
1529037
1894991
696579
1243378
525883
1035690
697949
505142
147675
1891995
31514
1287874
3075195
505129
1326512
647521
504951
1326612
517031
1856076
122920
1855759
1326261
572407
503762
510893
105502
504996
1243440
1835837
1004817
76590
11676
504988
1243363
1326535
1853780
1853817
905857
1755343
1431812
388823
1326599
1326418
1127360
1086582
1243418
452484
909008
983473
684145
1004870
568355
182494
658048
626345
1840796
378262
2777144
1243553
662647
262398
1304611
1309653
487338
1243222
419129
1812175
2560602
887485
487328
647445
696581
864201
684182
684205
1072981
1299958
889506
1835822
1327767
686154
458286
1168245
1326371
531783
1001056
1345270
905880
684178
1117803
374596
1642950
684198
1168246
690054
1943652
464871
504952
1367763
748551
464904
94432
1943654
479209
480116
864221
428110
1326510
471924
1367831
587643
505003
1134640
684134
10427
716465
1224531
471903
1243560
517033
10361
489544
566618
670792
3024541
586431
1134608
757000
580523
1326482
1835836
504980
1004828
1454901
580507
1235996
386711
1243470
757019
1367844
1004796
905883
686163
505123
1326256
1224329
647515
1461301
1326733
1274250
911744
505054
1134607
756997
1243281
1326729
1855754
757004
1326701
326245
507724
37132
1326143
1407693
11588
1856084
1835825
1326713
160797
31641
482133
185893
1117786
471926
101363
1461302
1326288
507723
1072552
1450484
1517619
505079
2847142
864203
1326280
1243485
684157
1407711
483224
517042
10632
1140332
195701
641354
80340
539361
1326598
675664
1140300
410235
545132
2051936
568360
1243521
1686849
568328
1326365
466235
539383
1552912
505089
505099
320706
680270
445793
510886
657210
471928
1784941
10804
879551
36432
1459046
10917
1117748
1226500
42788
505156
326228
1117765
79951
341980
1243372
1326547
716215
1116814
135725
2847141
933726
11234
1004823
697757
1243373
505032
696871
45418
410078
716000
505059
1168256
531770
1159000
1326711
1400550
684142
1243477
1307512
684206
53981
1326268
1072996
1326298
568334
662639
1367823
1256870
757014
666969
44572
122922
503750
586443
496873
1243350
690074
1835811
1862719
2848127
1367839
504947
566570
504995
505166
326207
580526
392517
889096
505162
861572
1243542
261996
1367776
1140313
517024
1517627
53979
861458
326212
1256878
1367821
649604
31635
909042
1326408
2870394
481716
1168255
2905673
464903
416164
72137
981129
1243455
1835810
874437
69165
1006047
743841
1004875
713941
1161737
1326206
1855784
489537
427494
1243382
1326161
31648
500055
766986
1243347
1326111
669477
483506
689708
1906355
1243302
72135
587247
479204
909638
517314
1184774
11577
874438
1243304
792676
185927
1224095
1274215
716286
505149
36345
716497
758902
1224338
765752
647449
909653
684158
684163
504986
1127359
1243424
36427
505066
479197
1367825
500045
1564221
1407724
662645
487333
504946
697768
1367774
933748
1117776
1459048
1004829
1184785
585076
374990
1695192
1243328
510865
1326426
505082
1383578
1227807
1140283
657213
657197
792679
697716
351669
909035
69831
580511
10255
379436
754495
564334
12468
627272
379437
2815257
504963
670786
539395
510839
1004816
232097
505038
1243345
31605
882807
505007
434953
586433
1326136
11296
388818
1326292
1052603
11684
11116
471910
1243200
1383579
575941
1322098
1326317
1427976
933728
670788
1326360
572399
565349
479220
72139
1326595
1326730
1326253
11238
1243367
1243258
1326355
580546
1529022
1407691
1134638
407138
909011
1326614
1256872
195476
684219
709491
1140363
1855780
566612
1546168
1546164
568318
1326459
36387
1882333
1184780
1181709
500030
1184798
2040590
564255
503742
37129
1243558
696589
505047
408685
1755337
1326203
11063
1307166
1030139
1224344
1892005
150720
580524
1853793
1243257
743957
1159885
1140262
1532712
566633
1606858
510899
592334
861582
1072972
1004793
864261
1140369
864211
11077
489459
1461303
505174
1326443
481718
1001058
392518
539364
370531
1326450
122914
1299969
1326281
1070811
320703
464907
526802
36386
1530250
1140339
572391
666965
690047
1274240
868565
1193397
1243366
1326139
1326605
1835840
1243338
505086
911767
587273
185912
529827
568367
33723
580564
662611
539370
716204
185918
909039
510859
909395
1299984
500134
641332
1194338
566600
1071965
1755336
1325138
911805
1274245
587225
510672
1891997
496871
42567
870835
1891991
1517642
697727
1367787
1243198
641340
504968
1117744
505158
1326568
663251
1345291
347221
504982
434951
564244
1140325
481538
11053
568350
2759769
434930
1959931
471935
1168250
1326403
79955
1855787
1086576
1072976
285419
1855753
1243464
1539825
2555554
2654514
580573
1140267
1544540
70147
1133026
510870
864206
1127364
675662
566625
911796
905878
1006023
1140308
1224540
564281
933742
716187
487327
2777141
434946
500042
1296199
747986
716107
641353
2763913
1243241
430069
1169017
909016
1855748
10919
38767
626346
1349389
1243212
580580
531782
1345281
564274
1384672
911785
1326150
653897
1302702
697695
572395
662600
1856077
35337
1004825
1134340
525882
10243
1086580
505078
911792
36388
933695
757001
1243197
510861
531781
262726
1140289
690078
1004802
697752
510848
1856066
1256596
587213
517317
500048
11030
1460706
1243311
466217
1326158
290314
167331
1134623
864205
1326519
1380712
1326278
204519
911749
1243492
326248
505132
1407712
1517640
1243337
468920
981108
1243478
1009453
2723667
1074901
503746
464887
31579
1326205
517026
1070826
1243184
690051
566606
507719
1326344
684197
1274585
627252
1309677
1184778
1539782
240709
2777143
1140311
1004824
564232
747334
580552
170526
1073007
12637
1243506
1367798
1243450
1134624
624434
747987
1052889
1326401
31640
517025
884093
587208
1326173
911737
517029
566609
1287868
716060
1204815
996468
1483689
1882338
458283
1243441
1243511
261992
1117754
1882335
662642
505092
576898
1943657
909030
697722
627259
709493
539387
1564237
1326294
483225
1159003
11707
983474
368016
471919
1326251
1326492
1326362
572415
489470
568369
1070802
1500236
662641
933723
1840795
572400
1274211
298704
564261
1243545
1299997
359942
684171
70148
696598
1450480
450149
1243429
1140302
697692
10370
504941
526793
1968826
1853801
684184
42781
1302699
1243566
1072550
1243479
539391
1421643
1243315
663249
407137
657201
697774
539397
1070675
1840793
875492
757022
911772
1326656
697745
1276261
1004884
185908
1853825
10428
1184792
1299934
565365
505075
1326236
420252
1326654
1943660
1283805
11045
507721
517309
743842
1204788
933739
1517625
36434
911788
471917
458280
911809
470593
1520919
1046565
391897
1326659
37107
1299932
1299951
592333
79953
1092562
539360
691884
641314
1243486
933710
1299987
505145
587211
1140312
10922
1309656
627251
515413
388796
379425
539367
716178
1326430
1367805
379443
697750
690073
1326601
1326466
471932
564278
641323
1146935
505169
1855749
1855768
402044
580506
657215
1529027
505025
697740
641361
11681
1326285
1755325
1211018
1326611
641363
389410
1243564
434937
408691
1326210
1855750
915344
1427970
1326720
1407723
434963
798604
596277
627266
310756
458274
1326289
716135
185917
170525
1070832
648238
697244
1387905
1695200
1855802
1243544
1086569
1243473
526804
566029
1407716
657217
1855806
1117740
104626
686144
1140304
1326274
1909801
1322090
505048
2757771
1853822
864254
290255
505103
1134609
696618
1517618
879186
647455
1292955
758910
624439
758912
1326368
933727
333752
1077213
1539823
138897
1326178
580543
1856075
716200
467026
1177628
662601
861569
1405544
11080
1326481
1544537
1243387
1326585
697724
